+0.053952    -0.358111
+0.070512    -0.365581
+0.078772    -0.365726
+0.098383    -0.372151
+0.106543    -0.367267
+0.114803    -0.366437
+0.122956    -0.364968
+0.131123    -0.365765
+0.139376    -0.359315
+0.147424    -0.359244
+0.155658    -0.357869
+0.163986    -0.357108
+0.172209    -0.358185
+0.180540    -0.361059
+0.188736    -0.359683
+0.197134    -0.365337
+0.205290    -0.363727
+0.213410    -0.366141
+0.221719    -0.366529
+0.244651    -0.359621
+0.315408    -0.360325
+0.323528    -0.360878
+0.331685    -0.356665
+0.339873    -0.363849
+0.348205    -0.352448
+0.356388    -0.358215
+0.364828    -0.343775
+1.030238    -0.260797
+1.038537    -0.258713
+1.046823    -0.262387
+1.055148    -0.263041
+1.063536    -0.259481
+1.071819    -0.262010
+1.080087    -0.257713
+1.088330    -0.256540
+1.103514    -0.252846
+1.111791    -0.259998
+1.120154    -0.255023
+1.128252    -0.255132
+1.136540    -0.252189
+1.144821    -0.248756
+1.152909    -0.248621
+1.161029    -0.244572
+1.172052    -0.238664
+1.180176    -0.241805
+1.188336    -0.237509
+1.196469    -0.236766
+1.205618    -0.236588
+1.213697    -0.236385
+1.221797    -0.233879
+1.229868    -0.233124
+1.306598    -0.209806
+1.321636    -0.209509
+1.329787    -0.206130
+1.338025    -0.212611
+1.346320    -0.202090
+1.362769    -0.183774
+2.032193    +0.374409
+2.040992    +0.394547
+2.049174    +0.407572
+2.057462    +0.423928
+2.077457    +0.476131
+2.085647    +0.497813
+2.093768    +0.515010
+2.102303    +0.528349
+2.110692    +0.549994
+2.118896    +0.564247
+2.127075    +0.583141
+2.135336    +0.602754
+2.143826    +0.615930
+2.151933    +0.633908
+2.160071    +0.645682
+2.168176    +0.660493
+2.176386    +0.681164
+2.184689    +0.699859
+2.192795    +0.707665
+2.201039    +0.716970
+2.209419    +0.717400
+2.217548    +0.712203
+2.225727    +0.698734
+2.233917    +0.684736
+2.278945    +0.561406
+2.287112    +0.538671
+2.295249    +0.518379
+2.303489    +0.494992
+2.311839    +0.469255
+2.319999    +0.446116
+2.328167    +0.426196
+2.336326    +0.406798
+2.346333    +0.378224
+3.032059    +0.046186
+3.040442    +0.043090
+3.048619    +0.039155
+3.056934    +0.023500
+3.072888    +0.025655
+3.081015    +0.024520
+3.089430    +0.017746
+3.097552    +0.011477
+3.105785    +0.006225
+3.113915    -0.002090
+3.122121    -0.009336
+3.130291    -0.015511
+3.138504    -0.020428
+3.146666    -0.023915
+3.154797    -0.025253
+3.163014    -0.031580
+3.171386    -0.035338
+3.179523    -0.039772
+3.187694    -0.045367
+3.196119    -0.052400
+3.204567    -0.064305
+3.212728    -0.064203
+3.220847    -0.071499
+3.228987    -0.075746
+3.237286    -0.082691
+3.245496    -0.084938
+3.253656    -0.081767
+3.262099    -0.087839
+3.270524    -0.084599
+3.278740    -0.081511
+3.286915    -0.079093
+3.295086    -0.075653
+3.303417    -0.069736
+3.311643    -0.063663
+3.319804    -0.059101
+3.327949    -0.049888
+3.336221    -0.051431
+3.344447    -0.034644
+3.352583    -0.034492

