+0.053952    +0.001180
+0.070512    -0.024983
+0.078772    -0.025808
+0.098383    -0.047433
+0.106543    -0.049969
+0.114803    -0.053879
+0.122956    -0.060559
+0.131123    -0.054442
+0.139376    -0.054107
+0.147424    -0.054029
+0.155658    -0.048716
+0.163986    -0.061017
+0.172209    -0.057813
+0.180540    -0.058649
+0.188736    -0.062501
+0.197134    -0.059694
+0.205290    -0.057695
+0.213410    -0.054132
+0.221719    -0.060914
+0.244651    -0.057108
+0.315408    -0.060671
+0.323528    -0.052306
+0.331685    -0.065882
+0.339873    -0.065800
+0.348205    -0.061651
+0.356388    -0.056823
+0.364828    -0.059971
+1.030238    -0.057062
+1.038537    -0.017985
+1.046823    +0.021972
+1.055148    +0.059489
+1.063536    +0.069330
+1.071819    +0.062155
+1.080087    +0.052189
+1.088330    +0.037754
+1.103514    +0.024294
+1.111791    +0.010536
+1.120154    +0.015283
+1.128252    +0.022731
+1.136540    +0.033636
+1.144821    +0.050054
+1.152909    +0.075892
+1.161029    +0.097318
+1.172052    +0.119674
+1.180176    +0.131339
+1.188336    +0.123260
+1.196469    +0.113582
+1.205618    +0.110490
+1.213697    +0.093199
+1.221797    +0.065384
+1.229868    +0.049453
+1.306598    -0.038800
+1.321636    -0.042303
+1.329787    -0.051313
+1.338025    -0.058467
+1.346320    -0.063247
+1.362769    -0.066087
+2.032193    +0.027651
+2.040992    +0.052497
+2.049174    +0.068913
+2.057462    +0.075019
+2.077457    +0.043626
+2.085647    +0.051429
+2.093768    +0.042478
+2.102303    +0.036844
+2.110692    +0.038191
+2.118896    +0.039016
+2.127075    +0.033190
+2.135336    +0.034446
+2.143826    +0.042157
+2.151933    +0.054328
+2.160071    +0.046752
+2.168176    +0.043950
+2.176386    +0.035580
+2.184689    +0.030696
+2.192795    +0.015490
+2.201039    +0.004340
+2.209419    -0.013739
+2.217548    -0.032397
+2.225727    -0.048706
+2.233917    -0.057638
+2.278945    -0.003846
+2.287112    +0.033981
+2.295249    +0.052880
+2.303489    +0.066753
+2.311839    +0.053304
+2.319999    +0.045823
+2.328167    +0.038121
+2.336326    +0.028649
+2.346333    +0.016581
+3.032059    -0.039832
+3.040442    -0.041766
+3.048619    -0.047546
+3.056934    -0.025360
+3.072888    -0.026464
+3.081015    -0.020248
+3.089430    -0.006478
+3.097552    -0.004340
+3.105785    -0.015765
+3.113915    -0.021362
+3.122121    -0.031558
+3.130291    -0.047005
+3.138504    -0.064452
+3.146666    -0.065662
+3.154797    -0.070774
+3.163014    -0.067236
+3.171386    -0.065051
+3.179523    -0.068029
+3.187694    -0.058763
+3.196119    -0.050936
+3.204567    -0.044797
+3.212728    -0.041720
+3.220847    -0.041570
+3.228987    -0.043063
+3.237286    -0.043179
+3.245496    -0.042221
+3.253656    -0.026890
+3.262099    -0.000672
+3.270524    +0.020132
+3.278740    +0.042640
+3.286915    +0.054074
+3.295086    +0.061881
+3.303417    +0.062707
+3.311643    +0.049660
+3.319804    +0.049844
+3.327949    +0.047270
+3.336221    +0.043089
+3.344447    +0.040617
+3.352583    +0.036087

