+0.053952    +0.126902
+0.070512    +0.117389
+0.078772    +0.100540
+0.098383    +0.081602
+0.106543    +0.071788
+0.114803    +0.061502
+0.122956    +0.051288
+0.131123    +0.037651
+0.139376    +0.033537
+0.147424    +0.025365
+0.155658    +0.018965
+0.163986    +0.016327
+0.172209    +0.012990
+0.180540    +0.006463
+0.188736    +0.003164
+0.197134    +0.003667
+0.205290    -0.001660
+0.213410    -0.005348
+0.221719    -0.006385
+0.244651    -0.013436
+0.315408    -0.020635
+0.323528    -0.012423
+0.331685    -0.020135
+0.339873    -0.013901
+0.348205    -0.015523
+0.356388    -0.011972
+0.364828    -0.021885
+1.030238    -0.014725
+1.038537    -0.010262
+1.046823    -0.013448
+1.055148    -0.016687
+1.063536    -0.017936
+1.071819    -0.012400
+1.080087    -0.009512
+1.088330    -0.007500
+1.103514    +0.004226
+1.111791    +0.003449
+1.120154    +0.003500
+1.128252    +0.010240
+1.136540    +0.009628
+1.144821    +0.006743
+1.152909    -0.001525
+1.161029    +0.003836
+1.172052    -0.000800
+1.180176    -0.003785
+1.188336    -0.001498
+1.196469    -0.000760
+1.205618    -0.004039
+1.213697    -0.001863
+1.221797    -0.002074
+1.229868    -0.005037
+1.321636    +0.062075
+1.329787    +0.058390
+1.338025    +0.042991
+1.346320    +0.042338
+1.362769    +0.047664
+2.032193    -0.007774
+2.040992    -0.015811
+2.049174    -0.021596
+2.057462    -0.020561
+2.077457    -0.020260
+2.085647    -0.024288
+2.093768    -0.028750
+2.102303    -0.021286
+2.110692    -0.019199
+2.118896    -0.024421
+2.127075    -0.021325
+2.135336    -0.023060
+2.143826    -0.024672
+2.151933    -0.023237
+2.160071    -0.026200
+2.168176    -0.026724
+2.176386    -0.028987
+2.184689    -0.026874
+2.201039    -0.023736
+2.209419    -0.023058
+2.217548    -0.026961
+2.225727    -0.028889
+2.233917    -0.023650
+2.278945    -0.030533
+2.287112    -0.029411
+2.295249    -0.032712
+2.303489    -0.031010
+2.311839    -0.030774
+2.319999    -0.030773
+2.328167    -0.033222
+2.336326    -0.033809
+2.346333    -0.036099
+3.032059    -0.026611
+3.040442    -0.037875
+3.048619    -0.031601
+3.056934    -0.044922
+3.072888    -0.042199
+3.081015    -0.031950
+3.089430    -0.036488
+3.097552    -0.038923
+3.105785    -0.038263
+3.113915    -0.032211
+3.122121    -0.030352
+3.130291    -0.032324
+3.138504    -0.026687
+3.146666    -0.031437
+3.154797    -0.024725
+3.163014    -0.016699
+3.171386    -0.014535
+3.179523    -0.015513
+3.187694    -0.011937
+3.196119    -0.011738
+3.204567    -0.011713
+3.212728    -0.004074
+3.220847    -0.002072
+3.228987    +0.008829
+3.237286    +0.020639
+3.245496    +0.029700
+3.253656    +0.032664
+3.262099    +0.033414
+3.270524    +0.035200
+3.278740    +0.030464
+3.286915    +0.033675
+3.295086    +0.032689
+3.303417    +0.037437
+3.311643    +0.036889
+3.319804    +0.044163
+3.327949    +0.053028
+3.336221    +0.054814
+3.344447    +0.056829
+3.352583    +0.077015

