+0.053952    +0.003788
+0.070512    -0.000726
+0.078772    +0.007425
+0.098383    +0.051488
+0.106543    +0.078673
+0.114803    +0.102387
+0.122956    +0.114174
+0.131123    +0.114536
+0.139376    +0.121424
+0.147424    +0.122251
+0.155658    +0.120851
+0.163986    +0.119213
+0.172209    +0.118875
+0.180540    +0.099350
+0.188736    +0.092050
+0.197134    +0.084553
+0.205290    +0.075226
+0.213410    +0.069538
+0.221719    +0.045501
+0.244651    -0.009550
+0.315408    -0.143749
+0.323528    -0.141538
+0.331685    -0.149250
+0.339873    -0.149015
+0.348205    -0.157639
+0.356388    -0.158087
+0.364828    -0.137000
+1.030238    -0.138840
+1.038537    -0.161377
+1.046823    -0.155562
+1.055148    -0.182801
+1.063536    -0.170051
+1.071819    -0.165514
+1.080087    -0.163626
+1.088330    -0.174615
+1.103514    -0.181889
+1.111791    -0.163666
+1.120154    -0.176614
+1.128252    -0.184875
+1.136540    -0.177486
+1.144821    -0.184372
+1.152909    -0.179640
+1.161029    -0.184279
+1.172052    -0.180914
+1.180176    -0.182899
+1.188336    -0.185613
+1.196469    -0.182874
+1.205618    -0.173154
+1.213697    -0.179977
+1.221797    -0.180188
+1.229868    -0.184152
+1.321636    -0.183040
+1.329787    -0.175725
+1.338025    -0.169124
+1.346320    -0.167777
+1.362769    -0.169451
+2.032193    +0.005112
+2.040992    +0.023075
+2.049174    +0.076289
+2.057462    +0.089325
+2.077457    +0.135625
+2.085647    +0.185598
+2.093768    +0.216136
+2.102303    +0.288600
+2.110692    +0.329687
+2.118896    +0.362465
+2.127075    +0.369561
+2.135336    +0.381825
+2.143826    +0.415214
+2.151933    +0.410649
+2.160071    +0.409686
+2.168176    +0.402162
+2.176386    +0.381898
+2.184689    +0.342011
+2.192795    +0.299524
+2.201039    +0.263150
+2.209419    +0.222827
+2.217548    +0.185925
+2.225727    +0.159996
+2.233917    +0.120236
+2.278945    -0.048647
+2.287112    -0.066525
+2.295249    -0.071826
+2.303489    -0.082124
+2.311839    -0.091888
+2.319999    -0.098887
+2.328167    -0.106337
+2.336326    -0.118923
+2.346333    -0.122213
+3.032059    -0.150725
+3.040442    -0.158989
+3.048619    -0.166716
+3.056934    -0.184037
+3.072888    -0.191313
+3.081015    -0.176064
+3.089430    -0.172603
+3.097552    -0.176037
+3.105785    -0.178377
+3.113915    -0.182325
+3.122121    -0.178466
+3.130291    -0.176438
+3.138504    -0.166801
+3.146666    -0.166552
+3.154797    -0.158839
+3.163014    -0.137814
+3.171386    -0.121650
+3.179523    -0.088628
+3.187694    -0.054051
+3.196119    -0.048853
+3.204567    -0.059827
+3.212728    -0.070188
+3.220847    -0.069186
+3.228987    -0.046286
+3.237286    -0.014475
+3.245496    +0.017586
+3.253656    +0.056549
+3.262099    +0.072300
+3.270524    +0.086085
+3.278740    +0.095349
+3.286915    +0.127561
+3.295086    +0.141574
+3.303417    +0.171322
+3.311643    +0.200774
+3.319804    +0.260049
+3.327949    +0.281913
+3.336221    +0.315700
+3.344447    +0.347714
+3.352583    +0.416901

