57354.1226803 1.7273 1.7523 1.3383 2.2243 1.6033 1.1863 2.0233 0.2823 -0.4147 1.5593 0.6173
57355.1200856 1.7357 1.7847 1.3137 2.1977 1.6217 1.2397 2.0167 0.2947 -0.4413 1.5367 0.5937
57356.1599472 1.6243 1.8093 1.3253 2.1553 1.6173 1.2103 1.9463 0.3153 -0.4147 1.5273 0.6153
57361.110982 1.6442 1.8102 1.3062 2.2162 1.6012 1.2212 1.9792 0.3082 -0.4068 1.5692 0.6372
57362.1065148 1.7676 1.7916 1.2996 2.1986 1.6106 1.2176 1.9736 0.3006 -0.4174 1.5566 0.6216
57363.2263385 1.6134 1.8004 1.3034 2.2084 1.5964 1.2004 1.9914 0.2974 -0.4226 1.5344 0.6104
57365.0861748 1.7907 1.7917 1.3047 2.2177 1.5957 1.2207 2.0067 0.3067 -0.4113 1.5407 0.6267
57366.2994126 1.7534 1.7984 1.3124 2.2184 1.5714 1.2184 1.9824 0.3044 -0.4166 1.5444 0.6224
57367.171456 1.6129 1.8109 1.3029 2.2359 1.5779 1.2119 1.9769 0.2929 -0.4271 1.5509 0.6199
57371.2920386 1.7277 1.8007 1.2977 2.1867 1.5907 1.2167 1.9897 0.2957 -0.4223 1.5467 0.6117
57395.261607 1.6409 1.8239 1.3149 2.2249 1.6079 1.2209 1.9929 0.3339 -0.3921 1.5839 0.8099
57396.1848131 1.628 1.8 1.312 2.209 1.587 1.198 2.022 0.288 -0.425 1.537 0.614
57397.1509386 1.768 1.784 1.303 2.216 1.587 1.212 1.98 0.304 -0.42 1.54 0.621
57399.1103886 1.638 1.789 1.307 2.206 1.593 1.202 1.956 0.3 -0.422 1.552 0.616
57401.2129238 1.6434 1.8144 1.3084 2.2334 1.5864 1.2154 1.9924 0.2944 -0.3966 1.5444 0.6304
57403.2441133 1.6479 1.8009 1.3169 2.2129 1.6129 1.2029 1.9959 0.2969 -0.4211 1.5459 0.6189
57407.1256917 1.9607 1.8227 1.3577 2.2347 1.5647 1.2127 2.0437 0.2957 -0.4353 1.5227 0.6007
57412.2063054 1.6488 1.8258 1.3088 2.2228 1.6188 1.2348 1.9668 0.3228 -0.3282 1.5448 0.6698
57417.2163032 1.6227 1.7927 1.3137 2.2277 1.5927 1.2217 2.0177 0.3147 -0.4193 1.5487 0.6317
57425.1400267 1.6252 1.8192 1.3072 2.2262 1.6082 1.2322 1.9812 0.3112 -0.4068 1.5422 0.6462
57443.140939 1.6523 1.8043 1.3003 2.2203 1.6103 1.1953 1.9733 0.3153 -0.3687 1.5443 0.6393
57447.119541 1.6545 1.8225 1.3045 2.2095 1.6015 1.2255 1.9915 0.3115 -0.4095 1.5495 0.6445
57457.1084746 1.6351 1.7991 1.2931 2.1891 1.5991 1.2041 2.0141 0.2981 -0.3749 1.5681 0.6391
57340.3555446 1.7541 1.7971 1.2921 2.1861 1.5831 1.1951 2.0031 0.3161 -0.4239 1.5281 0.6251
57357.1430617 1.5976 1.8106 1.3046 2.1766 1.6016 1.2036 1.9436 0.3016 -0.4274 1.5306 0.6106
57360.1174931 1.7312 1.7982 1.2832 2.1842 1.5852 1.2012 1.9582 0.2992 -0.4208 1.5362 0.6132
57364.3311647 1.6289 1.7919 1.3019 2.1729 1.5839 1.1809 1.9679 0.3089 -0.4231 1.5459 0.6169
57372.2492254 1.6129 1.7649 1.2639 2.1709 1.5739 1.1699 1.9489 0.2839 -0.2461 1.5079 0.6139
57375.0808883 1.819 1.834 1.309 2.226 1.585 1.223 1.998 0.323 -0.402 1.57 0.654
57376.1039927 1.6869 1.7949 1.2859 2.2239 1.5989 1.1889 1.9439 0.2999 -0.4331 1.5349 0.6169
57379.1560517 1.8243 1.7903 1.2973 2.2543 1.5623 1.1863 1.9383 0.2773 -0.4487 1.5103 0.6083
57380.0954691 1.6013 1.7923 1.2893 2.2293 1.5323 1.1963 2.0033 0.2883 -0.4347 1.5323 0.6113
57381.1292415 1.7256 1.7096 1.2966 2.1826 1.5246 1.1876 2.0206 0.2946 -0.4284 1.5576 0.6006
57383.1342239 1.5939 1.7449 1.2919 2.2049 1.5899 1.1959 1.9719 0.2859 -0.4371 1.5329 0.6109
57384.1919341 1.6294 1.7894 1.2964 2.1714 1.6004 1.2094 1.9634 0.3054 -0.4216 1.5314 0.6304
57388.0565335 1.6118 1.8048 1.2968 2.1898 1.5848 1.2068 1.9738 0.3018 -0.4262 1.5378 0.6188
57389.0795829 1.6927 1.8197 1.2957 2.2267 1.6107 1.1967 1.9537 0.3117 -0.4063 1.5517 0.6427
57398.2439941 1.6151 1.7821 1.2821 2.2111 1.5801 1.1861 1.9751 0.2941 -0.4319 1.5431 0.6111
57400.178241 1.6444 1.7894 1.2894 2.2124 1.5814 1.1994 1.9734 0.2994 -0.4246 1.5364 0.6154
57409.0992911 1.622 1.813 1.266 2.105 1.601 1.194 2.018 0.292 -0.422 1.575 0.604
57410.1333205 1.6192 1.7822 1.3132 2.2172 1.5782 1.1962 1.9422 0.2962 -0.4358 1.5582 0.6232
57423.0940031 1.7017 1.7947 1.2907 2.1597 1.6047 1.2007 1.9647 0.3067 -0.4253 1.5527 0.6257
57429.1398427 1.637 1.781 1.282 2.203 1.582 1.188 1.964 0.303 -0.431 1.536 0.625
57433.1633348 1.6711 1.8061 1.2941 2.1821 1.5661 1.1851 1.9731 0.3001 -0.4229 1.5511 0.6151
57439.0771756 1.6668 1.7868 1.3138 2.1628 1.5678 1.2078 1.9938 0.3108 -0.4222 1.5478 0.6138
57441.125836 1.6289 1.8079 1.2879 2.2119 1.5649 1.1909 1.9949 0.3159 -0.4181 1.5369 0.6239
57445.0724047 1.6068 1.7938 1.2978 2.1728 1.5838 1.1978 1.9858 0.2988 -0.4222 1.5478 0.6248
57448.087883 1.6522 1.8022 1.2922 2.1972 1.5802 1.1922 1.9702 0.3042 -0.4268 1.5392 0.6162
57451.0837368 1.5956 1.7966 1.2836 2.1716 1.5886 1.2086 1.9646 0.3036 -0.4214 1.5436 0.6226
57463.0208002 1.6 1.783 1.292 2.177 1.564 1.184 1.965 0.312 -0.408 1.556 0.625
57475.0383088 1.6458 1.7818 1.2898 2.1748 1.5888 1.1938 1.9538 0.3158 -0.4142 1.5558 0.6408
